1;4242002781693;BOSH ELEKTRIKLI-SuPu;0;BOSH ELEKTRIKLI-SuPu;BOSH ELEKTRIKLI-SuPu;BOSH ELEKTRIKLI-SuPu;1;1;0;0;4;0;0;
2;1;4242002781693;BOSH ELEKTRIKLI-SuPu;BOSH ELEKTRIKLI-SuPu;BOSH ELEKTRIKLI-SuPu;;0;0;0;0;0;0;0;0;0;0;0;0;0;0;0;0
3;4242002781693;4242002781693;0;1;1;
4;1;4242002781693;1;1119.9;1119.9;0;
4;1;4242002781693;2;1119.9;1119.9;0;
5;1;4242002781693;1;0;31;
5;1;4242002781693;2;0;;
5;1;4242002781693;3;0;;
5;1;4242002781693;4;0;;
1;6260521078245;cIMENTO 25 KG. TORBA;0;cIMENTO 25 KG. TORBA;cIMENTO 25 KG. TORBA;cIMENTO 25 KG. TORBA;1;1;0;0;3;0;0;
2;1;6260521078245;cIMENTO 25 KG. TORBA;cIMENTO 25 KG. TORBA;cIMENTO 25 KG. TORBA;;0;0;0;0;0;0;0;0;0;0;0;0;0;0;1;0
3;6260521078245;6260521078245;0;1;1;
4;1;6260521078245;1;269.9;269.9;0;
4;1;6260521078245;2;269.9;269.9;0;
5;1;6260521078245;1;0;511;
5;1;6260521078245;2;0;;
5;1;6260521078245;3;0;;
5;1;6260521078245;4;0;;
1;6260521322522;cIMENTO 25 KG. TORBA;0;cIMENTO 25 KG. TORBA;cIMENTO 25 KG. TORBA;cIMENTO 25 KG. TORBA;1;1;0;0;3;0;0;
2;1;6260521322522;cIMENTO 25 KG. TORBA;cIMENTO 25 KG. TORBA;cIMENTO 25 KG. TORBA;;0;0;0;0;0;0;0;0;0;0;0;0;0;0;1;0
3;6260521322522;6260521322522;0;1;1;
4;1;6260521322522;1;269.9;269.9;0;
4;1;6260521322522;2;269.9;269.9;0;
5;1;6260521322522;1;0;511;
5;1;6260521322522;2;0;;
5;1;6260521322522;3;0;;
5;1;6260521322522;4;0;;
1;6260521088855;cIMENTO 25 KG. TORBA;0;cIMENTO 25 KG. TORBA;cIMENTO 25 KG. TORBA;cIMENTO 25 KG. TORBA;1;1;0;0;3;0;0;
2;1;6260521088855;cIMENTO 25 KG. TORBA;cIMENTO 25 KG. TORBA;cIMENTO 25 KG. TORBA;;0;0;0;0;0;0;0;0;0;0;0;0;0;0;1;0
3;6260521088855;6260521088855;0;1;1;
4;1;6260521088855;1;269.9;269.9;0;
4;1;6260521088855;2;269.9;269.9;0;
5;1;6260521088855;1;0;511;
5;1;6260521088855;2;0;;
5;1;6260521088855;3;0;;
5;1;6260521088855;4;0;;
1;6260521116893
;KENAR BANDI PVC 1,00;0;KENAR BANDI PVC 1,00;KENAR BANDI PVC 1,00;KENAR BANDI PVC 1,00;1;1;0;0;2;0;0;
2;1;6260521116893
;KENAR BANDI PVC 1,00;KENAR BANDI PVC 1,00;KENAR BANDI PVC 1,00;;0;0;0;0;0;0;0;0;0;0;0;0;0;0;1;0
3;6260521116893
;6260521116893
;0;1;1;
4;1;6260521116893
;1;129.9;129.9;0;
4;1;6260521116893
;2;129.9;129.9;0;
5;1;6260521116893
;1;0;1;
5;1;6260521116893
;2;0;;
5;1;6260521116893
;3;0;794;
5;1;6260521116893
;4;0;;
1;8711441104159;TURP FINDIK;0;TURP FINDIK;TURP FINDIK;TURP FINDIK;1;1;0;0;2;0;0;
2;1;8711441104159;TURP FINDIK;TURP FINDIK;TURP FINDIK;;0;0;0;0;0;0;0;0;0;0;0;0;0;0;1;0
3;8711441104159;8711441104159;0;1;1;
4;1;8711441104159;1;5.00;5.00;0;
4;1;8711441104159;2;5.00;5.00;0;
5;1;8711441104159;1;0;391;
5;1;8711441104159;2;0;;
5;1;8711441104159;3;0;;
5;1;8711441104159;4;0;;
1;5011402277780;1/4 COLLET ROUTER AT;0;1/4 COLLET ROUTER AT;1/4 COLLET ROUTER AT;1/4 COLLET ROUTER AT;1;1;0;0;4;0;0;
2;1;5011402277780;1/4 COLLET ROUTER AT;1/4 COLLET ROUTER AT;1/4 COLLET ROUTER AT;;0;0;0;0;0;0;0;0;0;0;0;0;0;0;1;0
3;5011402277780;5011402277780;0;1;1;
4;1;5011402277780;1;15.77;15.77;0;
4;1;5011402277780;2;15.77;15.77;0;
5;1;5011402277780;1;0;100;
5;1;5011402277780;2;0;;
5;1;5011402277780;3;0;;
5;1;5011402277780;4;0;;
1;3253560774073;Metal ElektrIk Dedek;0;Metal ElektrIk Dedek;Metal ElektrIk Dedek;Metal ElektrIk Dedek;1;1;0;0;4;0;0;
2;1;3253560774073;Metal ElektrIk Dedek;Metal ElektrIk Dedek;Metal ElektrIk Dedek;;0;0;0;0;0;0;0;0;0;0;0;0;0;0;1;0
3;3253560774073;3253560774073;0;1;1;
4;1;3253560774073;1;13.08;13.08;0;
4;1;3253560774073;2;13.08;13.08;0;
5;1;3253560774073;1;0;2000;
5;1;3253560774073;2;0;995;
5;1;3253560774073;3;0;;
5;1;3253560774073;4;0;;
1;6260520236554;TELEFON KUTUSU 110X1;0;TELEFON KUTUSU 110X1;TELEFON KUTUSU 110X1;TELEFON KUTUSU 110X1;1;1;0;0;4;0;0;
2;1;6260520236554;TELEFON KUTUSU 110X1;TELEFON KUTUSU 110X1;TELEFON KUTUSU 110X1;;0;0;0;0;0;0;0;0;0;0;0;0;0;0;1;0
3;6260520236554;6260520236554;0;1;1;
4;1;6260520236554;1;0.86;0.86;0;
4;1;6260520236554;2;0.86;0.86;0;
5;1;6260520236554;1;0;442;
5;1;6260520236554;2;0;688;
5;1;6260520236554;3;0;;
5;1;6260520236554;4;0;;
1;6260527744106;W.PROOF KUTU 200X100;0;W.PROOF KUTU 200X100;W.PROOF KUTU 200X100;W.PROOF KUTU 200X100;1;1;0;0;4;0;0;
2;1;6260527744106;W.PROOF KUTU 200X100;W.PROOF KUTU 200X100;W.PROOF KUTU 200X100;;0;0;0;0;0;0;0;0;0;0;0;0;0;0;0;0
3;6260527744106;6260527744106;0;1;1;
4;1;6260527744106;1;18.49;18.49;0;
4;1;6260527744106;2;18.49;18.49;0;
5;1;6260527744106;1;0;442;
5;1;6260527744106;2;0;;
5;1;6260527744106;3;0;;
5;1;6260527744106;4;0;;
